S: 185 182 192 245 237 189  pos: 0.097  err: -0.097
S: 185 182 192 245 237 189  pos: 0.097  err: -0.097
S: 185 181 192 245 237 189  pos: 0.098  err: -0.098
S: 185 182 192 245 236 189  pos: 0.096  err: -0.096
S: 185 181 192 246 237 189  pos: 0.098  err: -0.098
S: 186 182 193 245 237 189  pos: 0.094  err: -0.094
S: 186 183 193 245 238 189  pos: 0.094  err: -0.094
S: 186 183 192 244 239 189  pos: 0.095  err: -0.095
S: 186 183 192 244 240 189  pos: 0.096  err: -0.096
S: 186 182 190 243 242 188  pos: 0.099  err: -0.099
S: 186 180 189 242 243 189  pos: 0.105  err: -0.105
S: 186 179 189 242 244 190  pos: 0.109  err: -0.109
S: 187 178 188 241 245 190  pos: 0.109  err: -0.109
S: 187 178 187 240 245 191  pos: 0.112  err: -0.112
S: 187 178 187 239 245 191  pos: 0.111  err: -0.111
S: 188 179 187 238 246 192  pos: 0.111  err: -0.111
S: 188 178 187 238 247 193  pos: 0.115  err: -0.115
S: 189 179 187 237 247 193  pos: 0.111  err: -0.111
S: 190 180 186 234 247 194  pos: 0.109  err: -0.109
S: 191 181 187 232 247 194  pos: 0.105  err: -0.105
S: 191 182 188 230 248 196  pos: 0.107  err: -0.107
S: 192 182 188 228 248 198  pos: 0.108  err: -0.108
S: 191 181 188 226 248 201  pos: 0.117  err: -0.117
S: 190 179 188 223 249 205  pos: 0.130  err: -0.130